#        id        len
         0         46
         1         39
         2         37
         3         38
         4         37
         5         30
         6         66
         7         74
         8         79
         9         69
        10         58
        11         67
        12         62
        13         63
        14         43
        15         53
        16         57
        17         44
        18         45
        19         48
        20         58
        21         51
        22         77
        23         58
        24         77
        25         71
        26         62
        27         60
        28         62
        29         66
        30         46
        31         40
        32         40
        33         45
        34         40
        35         93
        36         88
        37         88
        38         74
        39         55
        40         48
        41         53
        42         54
        43         48
        44         45
        45         40
        46         40
        47         23
        48         30
        49         52
        50         41
        51         55
        52         59
        53         63
        54         64
        55         57
        56         51
        57         62
        58         55
        59         47
        60         41
        61         45
        62         46
        63         29
        64         79
        65         87
        66         86
        67         75
        68         57
        69         51
        70         55
        71         49
        72         46
        73         38
        74         35
        75         37
        76         38
        77         39
        78         47
        79         43
        80         77
        81         75
        82         63
        83         53
        84         56
        85         53
        86         56
        87         54
        88         49
        89         46
        90         60
        91         53
        92         48
        93         32
        94         45
        95         54
        96         29
        97         36
        98         35
        99         25
       100         26
       101         10
       102         21
       103         24
       104         15
       105         25
       106         18
       107          8
       108         20
       109         23
       110         19
       111         34
       112         15
       113         28
       114         29
       115         15
       116         18
       117         22
       118         29
       119         25
       120         21
       121         20
       122         18
       123         23
       124         28
       125         35
       126         42
       127         34
       128         17
       129         22
       130         20
       131         20
       132         15
       133         14
       134         17
       135         18
       136         20
       137         25
       138         18
       139         24
       140         24
       141         31
       142         31
       143         18
       144         19
       145         20
       146         16
       147         27
       148         25
       149         27
       150         16
       151         27
       152         19
       153         32
       154         36
       155         44
       156         25
       157         17
       158         18
       159         21
       160         18
       161         15
       162         12
       163         15
       164         19
       165         11
       166         20
       167         20
       168         21
       169         25
       170         21
       171         33
       172         26
       173         27
       174         20
       175         18
       176         16
       177         21
       178         18
       179         25
       180         26
       181         33
       182         33
       183         38
       184         48
       185         27
       186         17
       187         20
       188         16
       189         18
       190         13
       191         19
       192         15
       193         20
       194         19
       195         17
       196         19
       197         27
       198         40
       199         35
       200         22
       201         30
       202         20
       203         30
       204         22
       205         29
       206         23
       207         18
       208         21
       209         33
       210         15
       211         24
       212         46
       213         44
       214         44
       215         34
       216         18
       217         16
       218         23
       219         18
       220         24
       221         20
       222         13
       223         15
       224         16
       225         16
       226         14
       227         30
       228         24
       229         35
       230         34
       231         24
       232         23
       233         18
       234         20
       235         29
       236         12
       237         24
       238         18
       239         15
       240         24
       241         27
       242         47
       243         37
       244         24
       245         18
       246         26
       247         17
       248         20
       249         22
       250         13
       251         13
       252         19
       253         22
       254         12
       255         22
       256         33
       257         25
       258         23
       259         19
       260         21
       261         17
       262         22
       263         19
       264         20
       265         23
       266         23
       267         22
       268         18
       269         27
       270         34
       271         45
       272         34
       273         24
       274         17
       275         29
       276         15
       277          9
       278         17
       279         16
       280         15
       281         12
       282         12
       283         18
       284         22
       285         29
       286         34
       287         28
       288         34
       289         35
       290         24
       291         19
       292         12
       293         25
       294         19
       295         27
       296         24
       297         25
       298         41
       299         27
       300         35
       301         50
       302         36
       303         13
       304         26
       305         15
       306         16
       307         18
       308         21
       309         13
       310         21
       311         25
       312         16
       313         16
       314         15
       315         30
       316         31
       317         23
       318         31
       319         33
       320         24
       321         16
       322         16
       323         17
       324         26
       325         22
       326         18
       327         16
       328         27
       329         26
       330         18
       331         15
       332         13
       333         19
       334         16
       335          9
       336         12
       337         13
       338          8
       339         12
       340         15
       341         13
       342         12
       343         11
       344         15
       345         14
       346         16
       347         14
       348          4
       349         15
       350          9
       351         16
       352         14
       353          9
       354          7
       355         13
       356         13
       357         21
       358         42
       359         39
       360         54
       361         38
       362         24
       363         25
       364         22
       365         27
       366         27
       367         21
       368         16
       369         26
       370         25
       371         24
       372         31
       373         26
       374         37
       375         39
       376         35
       377         41
       378         17
       379         25
       380         43
       381         38
       382         20
       383         26
       384         33
       385         22
       386         31
       387         49
       388         45
       389         67
       390         55
       391         30
       392         37
       393         28
       394         31
       395         27
       396         17
       397         24
       398         18
       399         28
       400         23
       401         19
       402         19
       403         38
       404         44
       405         40
       406         30
       407         23
       408         29
       409         27
       410         31
       411         25
       412         23
       413         30
       414         23
       415         29
       416         50
       417         56
       418         63
       419         31
       420         31
       421         25
       422         35
       423         27
       424         11
       425         19
       426         19
       427         23
       428         23
       429         24
       430         21
       431         16
       432         33
       433         43
       434         47
       435         37
       436         24
       437         23
       438         22
       439         25
       440         23
       441         21
       442         20
       443         25
       444         23
       445         48
       446         42
       447         49
       448         44
       449         27
       450         37
       451         27
       452         24
       453         11
       454         19
       455         14
       456         24
       457         15
       458         24
       459         23
       460         23
       461         46
       462         42
       463         41
       464         45
       465         36
       466         30
       467         29
       468         27
       469         30
       470         18
       471         32
       472         24
       473         22
       474         43
       475         43
       476         52
       477         44
       478         41
       479         40
       480         34
       481         26
       482         17
       483         20
       484         24
       485         20
       486         22
       487         15
       488         33
       489         29
       490         42
       491         50
       492         58
       493         33
       494         25
       495         31
       496         22
       497         36
       498         27
       499         23
       500         26
       501         27
       502         26
       503         43
       504         45
       505         63
       506         48
       507         38
       508         40
       509         28
       510         25
       511         17
       512         22
       513         19
       514         20
       515         20
       516         31
       517         21
       518         31
       519         48
       520         56
       521         46
       522         35
       523         36
       524         33
       525         30
       526         29
       527         25
       528         20
       529         20
       530         28
       531         21
       532         28
       533         56
       534         56
       535         43
       536         38
       537         27
       538         23
       539         30
       540         26
       541         35
       542         14
       543         16
       544         21
       545         33
       546         21
       547         21
       548         40
       549         43
       550         37
       551         43
       552         26
       553         27
       554         32
       555         23
       556         39
       557         20
       558         31
       559         36
       560         16
       561         41
       562         56
       563         61
       564         57
       565         41
       566         38
       567         25
       568         32
       569         25
       570         26
       571         17
       572         20
       573         19
       574         30
       575         29
       576         28
       577         34
       578         42
       579         49
       580         38
       581         38
       582         33
       583         38
       584         29
       585         36
       586         22
       587         33
       588         33
       589         31
       590         24
       591         29
       592         36
       593         29
       594         32
       595         30
       596         36
       597         30
       598         27
       599         17
       600         21
       601         16
       602         17
       603         14
       604         15
       605         19
       606         20
       607         23
       608         25
       609         28
       610         25
       611         25
       612         19
       613         16
       614         25
       615         24
       616         16
       617         26
       618         27
       619         21
       620         17
       621         50
       622         30
       623         34
       624         41
       625         22
       626         23
       627         19
       628         17
       629         15
       630         22
       631          9
       632         15
       633         17
       634         16
       635         13
       636         15
       637         21
       638         24
       639         31
       640         26
       641         18
       642         23
       643         20
       644         20
       645         15
       646         17
       647         28
       648         22
       649         19
       650         36
       651         45
       652         37
       653         37
       654         22
       655         20
       656         19
       657         20
       658         22
       659         15
       660          8
       661         19
       662         15
       663         15
       664         21
       665         27
       666         31
       667         39
       668         36
       669         27
       670         17
       671         12
       672         24
       673         34
       674         21
       675         20
       676         17
       677         27
       678         26
       679         35
       680         55
       681         37
       682         33
       683         23
       684         28
       685         19
       686         22
       687         13
       688         20
       689         15
       690         16
       691         23
       692         15
       693         21
       694         27
       695         18
       696         40
       697         27
       698         27
       699         23
       700         28
       701         19
       702         22
       703         23
       704         20
       705         24
       706         18
       707         17
       708         32
       709         29
       710         31
       711         19
       712         21
       713         21
       714         14
       715         16
       716         17
       717         19
       718         14
       719          8
       720         11
       721         10
       722         24
       723         18
       724         22
       725         22
       726         22
       727         22
       728         10
       729         17
       730         24
       731         19
       732         17
       733         11
       734         15
       735         17
       736          9
       737         26
       738         23
       739         31
       740         38
       741         34
       742         25
       743         27
       744         27
       745         16
       746         15
       747         14
       748         15
       749         16
       750         21
       751          9
       752         21
       753         30
       754         30
       755         31
       756         20
       757         24
       758         23
       759         20
       760         14
       761         16
       762         16
       763         35
       764         21
       765         22
       766         26
       767         39
       768         38
       769         36
       770         24
       771         23
       772         14
       773         15
       774         14
       775         23
       776         18
       777         12
       778         21
       779         14
       780         23
       781         26
       782         27
       783         26
       784         38
       785         28
       786         18
       787         24
       788         15
       789         30
       790         22
       791         19
       792         28
       793         26
       794         15
       795         29
       796         44
       797         32
       798         42
       799         34
       800         24
       801         26
       802         21
       803         19
       804         12
       805         12
       806         15
       807         12
       808         18
       809         19
       810         24
       811         31
       812         29
       813         33
       814         35
       815         17
       816         18
       817         22
       818         30
       819         16
       820         30
       821         21
       822         17
       823         22
       824          9
       825         16
       826         25
       827         14
       828         11
       829         14
       830          9
       831         11
       832         13
       833         13
       834         13
       835         22
       836          6
       837         14
       838         16
       839          7
       840         13
       841         14
       842          9
       843         19
       844         10
       845         11
       846         14
       847         19
       848         10
       849         11
       850         11
       851         11
       852         15
       853         11
       854         14
       855         47
       856         50
       857         54
       858         59
       859         41
       860         38
       861         42
       862         39
       863         25
       864         25
       865         29
       866         39
       867         30
       868         33
       869         24
       870         42
       871         48
       872         54
       873         47
       874         42
       875         28
       876         41
       877         45
       878         43
       879         22
       880         34
       881         30
       882         39
       883         28
       884         57
       885         54
       886         68
       887         52
       888         32
       889         34
       890         32
       891         28
       892         20
       893         25
       894         25
       895         24
       896         30
       897         29
       898         26
       899         37
       900         53
       901         44
       902         44
       903         49
       904         34
       905         31
       906         37
       907         41
       908         30
       909         41
       910         34
       911         26
       912         31
       913         50
       914         58
       915         59
       916         46
       917         33
       918         22
       919         37
       920         40
       921         25
       922         23
       923         24
       924         27
       925         20
       926         25
       927         30
       928         35
       929         52
       930         53
       931         49
       932         61
       933         31
       934         30
       935         32
       936         39
       937         29
       938         34
       939         40
       940         31
       941         25
       942         59
       943         53
       944         54
       945         52
       946         40
       947         42
       948         31
       949         32
       950         31
       951         27
       952         24
       953         22
       954         37
       955         29
       956         31
       957         47
       958         39
       959         52
       960         61
       961         42
       962         36
       963         48
       964         48
       965         43
       966         34
       967         38
       968         32
       969         38
       970         27
       971         76
       972         49
       973         63
       974         59
       975         50
       976         34
       977         37
       978         34
       979         32
       980         27
       981         30
       982         29
       983         29
       984         26
       985         38
       986         35
       987         39
       988         55
       989         61
       990         53
       991         35
       992         43
       993         45
       994         47
       995         34
       996         32
       997         41
       998         34
       999         23
      1000         71
      1001         60
      1002         62
      1003         58
      1004         46
      1005         34
      1006         43
      1007         30
      1008         27
      1009         22
      1010         20
      1011         20
      1012         26
      1013         25
      1014         23
      1015         28
      1016         54
      1017         47
      1018         47
      1019         45
      1020         33
      1021         36
      1022         50
      1023         44
      1024         29
      1025         26
      1026         26
      1027         32
      1028         24
      1029         50
      1030         59
      1031         72
      1032         46
      1033         39
      1034         36
      1035         29
      1036         35
      1037         33
      1038         24
      1039         19
      1040         18
      1041         24
      1042         18
      1043         28
      1044         42
      1045         41
      1046         57
      1047         46
      1048         41
      1049         24
      1050         41
      1051         35
      1052         37
      1053         41
      1054         32
      1055         29
      1056         37
      1057         27
      1058         57
      1059         63
      1060         66
      1061         55
      1062         52
      1063         43
      1064         41
      1065         48
      1066         29
      1067         20
      1068         34
      1069         25
      1070         30
      1071         35
      1072         39
      1073         45
      1074         64
      1075         60
      1076         72
      1077         49
      1078         42
      1079         32
      1080         44
      1081         55
      1082         38
      1083         33
      1084         25
      1085         28
      1086         17
      1087         35
      1088         39
      1089         33
      1090         18
      1091         19
      1092         13
      1093         11
      1094         16
      1095         11
      1096         15
      1097         14
      1098          9
      1099         12
      1100         11
      1101         11
      1102         22
      1103         19
      1104         25
      1105         21
      1106         12
      1107         15
      1108         15
      1109         14
      1110         11
      1111         16
      1112         14
      1113         11
      1114         12
      1115         10
      1116         13
      1117         19
      1118         37
      1119         37
      1120         29
      1121         30
      1122         22
      1123         21
      1124         19
      1125         24
      1126         18
      1127         16
      1128         19
      1129         15
      1130         13
      1131         18
      1132         18
      1133         21
      1134         32
      1135         28
      1136         26
      1137         24
      1138         12
      1139         20
      1140         28
      1141         18
      1142         17
      1143         21
      1144         30
      1145         26
      1146         24
      1147         41
      1148         42
      1149         46
      1150         31
      1151         27
      1152         26
      1153         21
      1154         23
      1155         17
      1156         16
      1157         14
      1158         13
      1159         18
      1160         25
      1161         19
      1162         30
      1163         29
      1164         39
      1165         30
      1166         25
      1167         14
      1168         20
      1169         17
      1170         22
      1171         28
      1172         21
      1173         25
      1174         19
      1175         26
      1176         39
      1177         37
      1178         45
      1179         33
      1180         25
      1181         28
      1182         20
      1183         19
      1184         13
      1185         16
      1186         14
      1187         20
      1188         18
      1189         16
      1190         24
      1191         26
      1192         41
      1193         29
      1194         25
      1195         26
      1196         26
      1197         23
      1198         19
      1199         20
      1200         17
      1201         29
      1202         26
      1203         22
      1204         21
      1205         44
      1206         22
      1207         36
      1208         30
      1209         15
      1210         16
      1211         21
      1212         17
      1213         14
      1214         14
      1215         14
      1216         11
      1217         17
      1218         16
      1219         15
      1220         20
      1221         23
      1222         17
      1223         23
      1224         31
      1225         22
      1226         15
      1227          8
      1228         19
      1229         22
      1230         17
      1231         17
      1232         25
      1233         20
      1234         33
      1235         38
      1236         31
      1237         33
      1238         25
      1239         27
      1240         21
      1241         20
      1242         14
      1243         25
      1244          9
      1245         19
      1246         18
      1247         18
      1248         26
      1249         19
      1250         21
      1251         34
      1252         31
      1253         27
      1254         24
      1255         27
      1256         14
      1257         20
      1258         23
      1259         30
      1260         20
      1261         23
      1262         24
      1263         23
      1264         36
      1265         48
      1266         44
      1267         33
      1268         20
      1269         19
      1270         21
      1271         21
      1272         16
      1273         13
      1274         15
      1275         13
      1276         17
      1277         23
      1278         22
      1279         34
      1280         29
      1281         26
      1282         29
      1283         23
      1284         22
      1285         17
      1286         17
      1287         14
      1288         23
      1289         20
      1290         28
      1291         15
      1292         30
      1293         36
      1294         47
      1295         45
      1296         23
      1297         19
      1298         28
      1299         14
      1300         16
      1301         15
      1302         13
      1303         12
      1304         18
      1305         20
      1306         16
      1307         27
      1308         27
      1309         29
      1310         34
      1311         33
      1312         21
      1313         16
      1314         28
      1315         16
      1316         19
      1317         35
      1318         36
      1319         15
      1320         15
      1321         40
      1322         42
      1323         36
      1324         47
      1325         44
      1326         22
      1327         19
      1328         17
      1329         16
      1330         16
      1331         17
      1332         13
      1333         23
      1334         32
      1335         14
      1336         21
      1337         27
      1338         25
      1339         36
      1340         41
      1341         25
      1342         14
      1343         12
      1344         21
      1345         20
      1346         21
      1347         18
      1348         21
      1349         19
      1350         13
      1351         26
      1352         41
      1353         37
      1354         49
      1355         43
      1356         22
      1357         26
      1358         22
      1359         26
      1360         23
      1361         17
      1362         18
      1363         21
      1364         17
      1365         17
      1366         32
      1367         34
      1368         44
      1369         38
      1370         39
      1371         44
      1372         25
      1373         26
      1374         32
      1375         34
      1376         27
      1377         37
      1378         34
      1379         27
      1380         33
      1381         43
      1382         57
      1383         57
      1384         38
      1385         22
      1386         14
      1387         19
      1388         18
      1389         18
      1390         16
      1391         19
      1392         26
      1393         20
      1394         24
      1395         25
      1396         28
      1397         26
      1398         22
      1399         22
      1400         30
      1401         25
      1402         21
      1403         24
      1404         18
      1405         17
      1406         24
      1407         27
      1408         24
      1409         29
      1410         45
      1411         52
      1412         55
      1413         34
      1414         24
      1415         17
      1416         27
      1417         24
      1418         12
      1419         17
      1420         15
      1421         20
      1422         21
      1423         21
      1424         20
      1425         34
      1426         38
      1427         48
      1428         45
      1429         27
      1430         35
      1431         42
      1432         24
      1433         33
      1434         26
      1435         33
      1436         34
      1437         30
      1438         24
      1439         49
      1440         41
      1441         44
      1442         30
      1443         20
      1444         25
      1445         17
      1446         21
      1447         16
      1448         16
      1449         16
      1450         23
      1451         23
      1452         19
      1453         20
      1454         18
      1455         40
      1456         44
      1457         31
      1458         30
      1459         28
      1460         22
      1461         17
      1462         29
      1463         19
      1464         33
      1465         26
      1466         28
      1467         16
      1468         33
      1469         29
      1470         46
      1471         42
      1472         29
      1473         29
      1474         19
      1475         27
      1476         15
      1477         16
      1478         22
      1479         19
      1480         19
      1481         12
      1482         18
      1483         22
      1484         41
      1485         31
      1486         38
      1487         38
      1488         36
      1489         31
      1490         33
      1491         27
      1492         20
      1493         19
      1494         30
      1495         19
      1496         26
      1497         37
      1498         39
      1499         60
      1500         34
      1501         35
      1502         27
      1503         22
      1504         29
      1505         13
      1506         21
      1507         16
      1508         26
      1509         21
      1510         14
      1511         11
      1512         19
      1513         41
      1514         35
      1515         41
      1516         32
      1517         31
      1518         29
      1519         32
      1520         24
      1521         20
      1522         29
      1523         32
      1524         29
      1525         19
      1526         34
      1527         45
      1528         55
      1529         50
      1530         35
      1531         29
      1532         26
      1533         19
      1534         21
      1535         18
      1536         16
      1537         19
      1538         25
      1539         30
      1540         18
      1541         25
      1542         38
      1543         44
      1544         44
      1545         42
      1546         36
      1547         39
      1548         23
      1549         40
      1550         26
      1551         24
      1552         32
      1553         35
      1554         28
      1555         39
      1556         51
      1557         47
      1558         59
      1559         32
      1560         35
      1561         25
      1562         25
      1563         13
      1564         17
      1565         16
      1566         24
      1567         18
      1568         22
      1569         18
      1570         26
      1571         30
      1572         45
      1573         49
      1574         38
      1575         33
      1576         26
      1577         29
      1578         27
      1579         21
      1580         18
      1581         22
      1582         24
      1583         17
      1584         23
      1585         33
      1586         30
      1587         19
      1588         11
      1589          8
      1590          5
      1591         24
      1592         13
      1593         10
      1594         15
      1595         10
      1596          4
      1597         12
      1598         17
      1599         22
      1600         17
      1601         18
      1602         22
      1603         17
      1604         18
      1605         15
      1606         10
      1607          9
      1608         18
      1609         22
      1610          8
      1611          7
      1612         14
      1613         10
      1614         17
      1615         36
      1616         39
      1617         29
      1618         30
      1619         18
      1620         16
      1621         25
      1622         18
      1623         15
      1624         21
      1625          8
      1626         21
      1627         19
      1628         15
      1629         23
      1630         29
      1631         24
      1632         24
      1633         18
      1634         25
      1635         18
      1636         20
      1637         20
      1638         14
      1639         11
      1640         23
      1641         17
      1642         19
      1643         26
      1644         32
      1645         29
      1646         42
      1647         29
      1648         19
      1649         19
      1650         21
      1651         13
      1652         16
      1653          6
      1654         17
      1655         16
      1656         19
      1657         12
      1658         18
      1659         25
      1660         23
      1661         33
      1662         25
      1663         19
      1664         24
      1665         13
      1666         20
      1667         20
      1668         20
      1669         25
      1670         21
      1671         19
      1672         22
      1673         38
      1674         35
      1675         34
      1676         23
      1677         19
      1678         17
      1679         10
      1680         16
      1681         16
      1682         11
      1683         17
      1684         14
      1685         15
      1686         23
      1687         23
      1688         13
      1689         31
      1690         22
      1691         31
      1692         26
      1693         14
      1694         12
      1695         18
      1696         15
      1697         21
      1698         14
      1699         25
      1700         24
      1701         33
      1702         32
      1703         41
      1704         44
      1705         27
      1706         16
      1707         31
      1708         17
      1709         15
      1710         16
      1711         15
      1712         19
      1713         18
      1714         18
      1715         16
      1716         21
      1717         22
      1718         32
      1719         34
      1720         27
      1721         18
      1722         19
      1723         19
      1724         18
      1725         13
      1726         18
      1727         19
      1728         20
      1729         18
      1730         20
      1731         24
      1732         30
      1733         31
      1734         34
      1735         31
      1736         12
      1737         14
      1738         16
      1739         16
      1740         13
      1741         19
      1742         18
      1743         13
      1744         25
      1745         20
      1746         15
      1747         17
      1748         24
      1749         17
      1750         19
      1751         16
      1752         22
      1753         19
      1754         19
      1755         23
      1756         17
      1757         20
      1758         17
      1759         13
      1760         34
      1761         30
      1762         34
      1763         32
      1764         24
      1765         22
      1766         17
      1767         22
      1768         16
      1769         16
      1770         12
      1771         13
      1772         17
      1773         12
      1774         21
      1775         19
      1776         25
      1777         26
      1778         31
      1779         21
      1780         15
      1781         23
      1782         21
      1783         21
      1784         23
      1785         19
      1786         21
      1787         24
      1788         14
      1789         22
      1790         20
      1791         28
      1792         32
      1793         23
      1794         14
      1795         15
      1796         14
      1797         13
      1798         11
      1799         11
      1800         12
      1801         13
      1802         15
      1803          9
      1804         21
      1805         19
      1806         22
      1807         25
      1808         23
      1809         21
      1810         27
      1811         24
      1812         22
      1813         20
      1814         19
      1815         24
      1816         20
      1817         15
      1818         24
      1819         26
      1820         26
      1821         42
      1822         22
      1823         21
      1824         17
      1825         22
      1826         17
      1827         10
      1828         12
      1829         16
      1830          9
      1831         16
      1832         17
      1833         21
      1834         26
      1835         30
      1836         30
      1837         24
      1838         26
      1839         17
      1840         12
      1841         16
      1842         15
      1843          9
      1844         19
      1845         21
      1846         20
      1847         20
      1848         16
      1849         15
      1850         16
      1851          9
      1852          4
      1853         10
      1854         12
      1855          9
      1856         12
      1857         11
      1858          8
      1859         11
      1860         11
      1861         10
      1862         10
      1863         17
      1864         14
      1865         22
      1866         12
      1867         15
      1868         16
      1869         11
      1870          8
      1871         13
      1872          7
      1873         13
      1874         10
      1875         12
      1876          9
      1877         13
      1878         53
      1879         52
      1880         66
      1881         64
      1882         36
      1883         44
      1884         43
      1885         46
      1886         33
      1887         39
      1888         30
      1889         40
      1890         41
      1891         34
      1892         28
      1893         40
      1894         64
      1895         65
      1896         64
      1897         51
      1898         60
      1899         53
      1900         46
      1901         40
      1902         33
      1903         40
      1904         35
      1905         40
      1906         30
      1907         82
      1908         83
      1909         74
      1910         58
      1911         44
      1912         50
      1913         42
      1914         55
      1915         36
      1916         44
      1917         39
      1918         40
      1919         44
      1920         47
      1921         43
      1922         49
      1923         62
      1924         65
      1925         60
      1926         66
      1927         49
      1928         49
      1929         57
      1930         44
      1931         33
      1932         33
      1933         35
      1934         52
      1935         43
      1936         75
      1937         76
      1938         79
      1939         62
      1940         36
      1941         53
      1942         46
      1943         59
      1944         36
      1945         38
      1946         40
      1947         38
      1948         41
      1949         33
      1950         32
      1951         36
      1952         57
      1953         56
      1954         58
      1955         52
      1956         59
      1957         63
      1958         59
      1959         65
      1960         52
      1961         39
      1962         42
      1963         44
      1964         30
      1965         95
      1966         68
      1967         69
      1968         54
      1969         43
      1970         47
      1971         60
      1972         49
      1973         40
      1974         34
      1975         43
      1976         39
      1977         35
      1978         35
      1979         43
      1980         45
      1981         51
      1982         60
      1983         55
      1984         52
      1985         46
      1986         53
      1987         50
      1988         52
      1989         44
      1990         38
      1991         37
      1992         47
      1993         44
      1994         61
      1995         81
      1996         81
      1997         56
      1998         53
      1999         52
      2000         35
      2001         33
      2002         30
      2003         28
      2004         28
      2005         32
      2006         36
      2007         29
      2008         38
      2009         37
      2010         50
      2011         53
      2012         50
      2013         62
      2014         51
      2015         53
      2016         48
