#        id        len
         0         76
         1         64
         2         63
         3         74
         4         72
         5         87
         6         87
         7         78
         8         68
         9         69
        10         77
        11         83
        12         66
        13        100
        14         80
        15         84
        16         74
        17         90
        18         79
        19         75
        20         81
        21         72
        22         67
        23         84
        24         73
        25         75
        26         70
        27         74
        28         79
        29         63
        30         73
        31         68
        32         73
        33         90
        34         79
        35         80
        36         65
        37         84
        38         79
        39         82
        40         89
        41         71
        42         61
        43         71
        44         67
        45         65
        46         75
        47         75
        48         71
        49         78
        50         76
        51         79
        52         87
        53         87
        54         67
        55         87
        56         80
        57         72
        58         79
        59         71
        60         89
        61         84
        62         77
        63         65
        64         61
        65         75
        66         69
        67         55
        68         83
        69         68
        70         88
        71         70
        72         71
        73         83
        74         79
        75         67
        76         80
        77         92
        78         86
        79         80
        80         81
        81         75
        82         72
        83         79
        84         76
        85         94
        86         75
        87         83
        88         69
        89         68
        90         92
        91         70
        92         71
        93         82
        94         73
        95         69
        96         81
        97         75
        98         91
        99         84
       100         66
       101         79
       102         56
       103         85
       104         88
       105         87
       106         90
       107         69
       108         78
       109         83
       110        103
       111         83
       112         64
       113         64
       114         86
       115         87
       116         83
       117         68
       118         85
       119         69
       120         83
       121         83
       122         73
       123         60
       124         71
       125         88
       126         75
       127         80
       128         81
       129         77
       130         83
       131         78
       132         74
       133         71
       134         76
       135         76
       136         77
       137         72
       138         78
       139         79
       140         75
       141         68
       142         88
       143         77
       144         82
       145         93
       146         75
       147         89
       148         90
       149         76
       150         79
       151         69
       152         78
       153         84
       154         76
       155         66
       156         85
       157         79
       158         71
       159         83
       160         72
       161         80
       162        100
       163         70
       164         78
       165         86
       166         87
       167         72
       168         73
       169         79
       170         74
       171         84
       172         80
       173         68
       174         62
       175         76
       176         68
       177         73
       178         58
       179         67
       180         73
       181         77
       182         78
       183         90
       184         73
       185         76
       186         79
       187         76
       188         85
       189         69
       190         74
       191         81
       192         68
       193         98
       194         99
       195         85
       196         83
       197         68
       198         79
       199         86
       200         76
       201         96
       202         84
       203         76
       204         80
       205         55
       206         80
       207         94
       208         73
       209         83
       210         72
       211         65
       212         70
       213         65
       214         74
       215         85
       216         69
       217         82
       218         87
       219         78
       220         66
       221         83
       222         70
       223         72
       224         56
       225         70
       226         56
       227         94
       228         84
       229         79
       230         81
       231         74
       232         91
       233         70
       234         80
       235         74
       236         75
       237         83
       238         75
       239         78
       240         83
       241         72
       242         77
       243         86
       244         90
       245         80
       246         77
       247         69
       248         72
       249         85
       250         88
       251         85
       252         65
       253         66
       254         80
       255         71
       256         61
       257         96
       258         93
       259         63
       260         69
       261         76
       262         86
       263         60
       264         77
       265         72
       266         67
       267         76
       268         56
       269         65
       270         74
       271         96
       272         86
       273         78
       274         83
       275         86
       276         67
       277         86
       278         70
       279         89
       280         76
       281         74
       282         77
       283         80
       284         59
       285         88
       286         83
       287         83
       288         80
       289         63
       290         70
       291         72
       292         87
       293         81
       294         87
       295         81
       296         72
       297         74
       298         87
       299         77
       300         95
       301         77
       302         69
       303         75
       304         84
       305         75
       306         96
       307         75
       308         61
       309         83
       310         75
       311         73
       312         75
       313         95
       314         66
       315         97
       316         87
       317         77
       318         72
       319         66
       320         73
       321         82
       322         98
       323         78
       324         80
       325         68
       326        101
       327         75
       328         83
       329         80
       330         94
       331         85
       332         69
       333         88
       334         84
       335         88
       336         88
       337         67
       338         73
       339         88
       340         65
       341         75
       342         75
       343         68
       344         90
       345         77
       346         64
       347         79
       348         82
       349         87
       350         77
       351         74
       352         74
       353         77
       354         80
       355         63
       356         73
       357         80
       358         68
       359         85
       360         81
       361         82
       362         81
       363         66
       364         84
       365         84
       366         67
       367         68
       368         73
       369         77
       370         67
       371         78
       372         80
       373         71
       374         78
       375         70
       376         57
       377         78
       378         81
       379         71
       380         82
       381         83
       382         72
       383         94
       384         77
       385         64
       386        102
       387         72
       388         77
       389         82
       390         64
       391         79
       392         66
       393         75
       394         92
       395         79
       396         79
       397         61
       398         76
       399         90
       400         80
       401         67
       402         86
       403         80
       404         78
       405         63
       406         66
       407         85
       408         80
       409         73
       410         84
       411         84
       412         87
       413         76
       414         79
       415         69
       416         85
       417         91
       418         75
       419         67
       420         87
       421         78
       422         71
       423         77
       424         63
       425         68
       426         78
       427         85
       428         75
       429         74
       430         66
       431         68
       432         62
       433         85
       434         75
       435         76
       436         75
       437         59
       438         69
       439         76
       440         81
       441         77
       442         75
       443         80
       444         80
       445         82
       446         75
       447         77
       448         96
       449         81
       450         81
       451         92
       452         63
       453         80
       454         99
       455         95
       456         77
       457         69
       458         98
       459         83
       460         69
       461         80
       462         67
       463         66
       464         72
       465         78
       466         77
       467         90
       468         81
       469         80
       470         77
       471         77
       472         83
       473         89
       474         79
       475         52
       476         73
       477         69
       478         82
       479         80
       480         82
       481         81
       482         84
       483         73
       484         78
       485         87
       486         83
       487         73
       488         73
       489         87
       490         81
       491         86
       492         67
       493         83
       494         52
       495         80
       496         87
       497         69
       498         75
       499         71
       500         82
       501         85
       502         63
       503         82
       504         67
       505         78
       506         93
       507         74
       508         77
       509         73
       510         72
       511         72
       512         68
       513         86
       514         80
       515         86
       516         77
       517         73
       518         88
       519         82
       520         84
       521         68
       522         79
       523         75
       524         84
       525         90
       526         74
       527         77
       528         92
       529         73
       530         78
       531         73
       532         82
       533         74
       534         72
       535         75
       536         84
       537         90
       538         93
       539         89
       540         67
       541         92
       542         79
       543         83
       544         90
       545         56
       546         79
       547         74
       548         74
       549         91
       550         85
       551         91
       552         79
       553         78
       554         74
       555         82
       556         80
       557         81
       558         63
       559         75
       560         65
       561         80
       562         77
       563         85
       564         75
       565         72
       566         69
       567         63
       568         98
       569         71
       570         78
       571         74
       572         85
       573         71
       574         65
       575         61
       576         65
       577         65
       578         84
       579         87
       580         80
       581         81
       582         83
       583         93
       584         89
       585         83
       586         89
       587         71
       588         76
       589         77
       590         72
       591         63
       592         83
       593         70
       594         83
       595         69
       596         74
       597         89
       598         73
       599         71
       600         80
       601         81
       602         67
       603         80
       604         86
       605         79
       606         66
       607         66
       608         80
       609         87
       610         65
       611         82
       612         79
       613         95
       614         82
       615         90
       616         66
       617         65
       618         68
       619         66
       620         85
       621         69
       622         70
       623         73
       624         69
       625         78
       626         86
       627         79
       628         72
       629         77
       630         69
       631         82
       632         74
       633         70
       634         82
       635         83
       636         85
       637         54
       638         88
       639         80
       640         84
       641         74
       642         71
       643         72
       644         62
       645         81
       646         66
       647         81
       648         64
       649         71
       650         69
       651         73
       652         69
       653         95
       654         89
       655         80
       656         71
       657         86
       658         85
       659         69
       660         81
       661         80
       662         89
       663         82
       664         66
       665         66
       666         79
       667         71
       668         55
       669         70
       670         76
       671         94
       672         73
       673         90
       674         67
       675         71
       676         79
       677         80
       678         82
       679         83
       680         72
       681         83
       682         61
       683         87
       684         84
       685         66
       686         85
       687         77
       688         67
       689         81
       690         75
       691         74
       692         64
       693         72
       694         74
       695         54
       696         74
       697         76
       698         88
       699         78
       700         68
       701         86
       702         73
       703         69
       704         89
       705         82
       706         73
       707         84
       708         88
       709         76
       710         81
       711         88
       712         89
       713         67
       714         75
       715         81
       716         73
       717         69
       718         67
       719         81
       720         88
       721         74
       722         91
       723         72
       724         79
       725         94
       726         96
       727         88
       728         84
       729         79
       730         88
       731         68
       732         87
       733         73
       734         95
       735         82
       736         74
       737         63
       738         81
       739         69
       740         67
       741         92
       742         84
       743         76
       744         80
       745         89
       746         76
       747         96
       748         74
       749         72
       750         82
