#        id        len
         0         17
         1         14
         2         11
         3          9
         4         11
         5         11
         6         12
         7         11
         8         11
         9         14
        10         14
        11         10
        12         17
        13         15
        14         18
        15         20
        16         22
        17         15
        18         18
        19          9
        20         19
        21         10
        22         21
        23         12
        24         19
        25         16
        26         15
        27         16
        28         15
        29         15
        30         21
        31         17
        32          7
        33         13
        34         15
        35         21
        36         16
        37         13
        38         13
        39         18
        40         17
        41         17
        42         15
        43         12
        44          6
        45         22
        46         19
        47         18
        48         14
        49          8
        50         16
        51         12
        52         22
        53         13
        54         18
        55         15
        56         23
        57         18
        58         11
        59          9
        60         16
        61         19
        62         21
        63         18
        64         13
        65         17
        66         12
        67          8
        68         18
        69         15
        70         12
        71         13
        72         13
        73         16
        74         16
        75         12
        76         14
        77         15
        78         17
        79         14
        80         12
        81         14
        82         13
        83         12
        84         15
        85         14
        86         11
        87         13
        88         13
        89         15
        90         16
        91         16
        92          6
        93         15
        94         18
        95         16
        96         17
        97         15
        98         11
        99         14
       100         12
       101         12
       102          8
       103         15
       104         14
       105         11
       106         15
       107         13
       108         17
       109         11
       110         18
       111         13
       112         12
       113         20
       114         14
       115         18
       116         12
       117         18
       118         13
       119         13
       120         19
       121         15
       122         24
       123         20
       124         11
       125         13
       126         11
       127         23
       128          7
       129         17
       130         13
       131         13
       132         15
       133         13
       134         10
       135         13
       136         15
       137          9
       138         13
       139         15
       140         11
       141          8
       142         19
       143         17
       144         18
       145         16
       146         24
       147         15
       148         14
       149         12
       150         15
       151         10
       152         14
       153         13
       154         13
       155         15
       156         18
       157         15
       158         14
       159         14
       160         17
       161         15
       162         12
       163         11
       164         13
       165         15
       166         15
       167         11
       168         14
       169         20
       170         14
       171         18
       172         20
       173         24
       174         11
       175         10
       176         17
       177         16
       178         13
       179         17
       180         18
       181         19
       182         11
       183         18
       184         13
       185         16
       186         13
       187         18
       188         18
       189         19
       190         19
       191         17
       192         13
       193         13
       194         14
       195         14
       196          9
       197         16
       198         17
       199         12
       200         23
       201         15
       202         16
       203         15
       204         20
       205         15
       206         12
       207         16
       208         12
       209         16
       210         14
       211         12
       212         11
       213         12
       214         14
       215         11
       216         16
       217         16
       218         17
       219         15
       220         15
       221         18
       222          3
       223         19
       224         25
       225         16
       226         12
       227         12
       228         22
       229         17
       230          9
       231         21
       232         12
       233         12
       234         20
       235         12
       236         16
       237         15
       238         12
       239         23
       240         16
       241         12
       242         19
       243         17
       244         12
       245         18
       246         10
       247         10
       248         11
       249         15
       250         13
       251         17
       252         12
       253         14
       254          9
       255         14
       256         12
       257         16
       258         16
       259         15
       260         12
       261         14
       262         12
       263         11
       264          9
       265         11
       266         12
       267         17
       268         10
       269         13
       270         10
       271         10
       272         16
       273         20
       274         21
       275         15
       276         17
       277         12
       278         12
       279         15
       280         17
       281         16
       282         15
       283         18
       284         20
       285         17
       286         17
       287         18
       288          7
       289         15
       290         13
       291         15
       292         14
       293         14
       294         10
       295         11
       296         16
       297         12
       298          9
       299         18
       300         16
       301         10
       302         16
       303         18
       304         10
       305         15
       306         13
       307         14
       308         15
       309         10
       310         10
       311         14
       312         11
       313          8
       314         15
       315         18
       316         13
       317          9
       318          9
       319         13
       320         18
       321         18
       322         16
       323          8
       324         13
       325         15
       326         14
       327         16
       328          9
       329         12
       330         13
       331         11
       332         16
       333         18
       334         11
       335         18
       336         20
       337         22
       338         11
       339         19
       340         10
       341         13
       342         17
       343         17
       344         10
       345         20
       346         14
       347         17
       348         12
       349          9
       350         11
       351         16
       352         22
       353         12
       354         13
       355         12
       356         14
       357         17
       358         20
       359         14
       360         10
       361         18
       362         16
       363         19
       364         17
       365         16
       366         14
       367         14
       368         16
       369         15
       370          7
       371         21
       372         16
       373         18
       374         11
       375         14
       376         19
       377         15
       378         14
       379         16
       380         22
       381         12
       382         19
       383          7
       384         14
       385         18
       386         12
       387         18
       388          9
       389         13
       390         13
       391         26
       392         20
       393         20
       394          7
       395         18
       396         10
       397         13
       398         14
       399         20
       400         16
       401         11
       402         20
       403         19
       404          9
       405         13
       406         15
       407         14
       408         13
       409         10
       410         18
       411         14
       412         11
       413         13
       414         14
       415         12
       416         24
       417         15
       418         15
       419         14
       420         16
       421         11
       422         14
       423         17
       424         20
       425         18
       426         10
       427         17
       428         11
       429         16
       430         13
       431         19
       432         11
       433         15
       434         20
       435         14
       436         13
       437         12
       438         14
       439         16
       440         15
       441         17
       442         19
       443         20
       444         10
       445          9
       446         16
       447         16
       448         18
       449         17
       450         12
       451         21
       452         13
       453         20
       454         11
       455         10
       456         12
       457         10
       458         18
       459         20
       460         19
       461         14
       462         12
       463         20
       464         10
       465         13
       466         12
       467         17
       468          7
       469         14
       470         14
       471         16
       472         14
       473         18
       474         12
       475         10
       476         16
       477         14
       478          6
       479         24
       480         15
       481         11
       482         19
       483         19
       484         11
       485         15
       486         18
       487         11
       488          8
       489         17
       490         24
       491          8
       492         19
       493         18
       494         13
       495         17
       496         13
       497         15
       498          8
       499         13
       500         17
       501         20
       502         10
       503         14
       504          9
       505         11
       506         11
       507          9
       508         17
       509         13
       510         13
       511         13
       512         16
       513         13
       514         13
       515         18
       516         15
       517         18
       518         18
       519         14
       520         16
       521         16
       522         11
       523         17
       524         19
       525         13
       526         12
       527         13
       528         13
       529         13
       530          8
       531         14
       532         19
       533         13
       534          7
       535         15
       536         16
       537         19
       538         22
       539         12
       540         14
       541         11
       542         15
       543         16
       544         13
       545         18
       546          9
       547         12
       548         15
       549         14
       550         13
       551         12
       552         19
       553         16
       554         19
       555         20
       556         15
       557         13
       558         15
       559         15
       560         17
       561         20
       562         21
       563         14
       564         19
       565         15
       566         17
       567         16
       568         24
       569         15
       570         17
       571         12
       572         14
       573         12
       574         15
       575         20
       576         14
       577         22
       578          9
       579         13
       580         13
       581         12
       582         17
       583         10
       584         14
       585         16
       586         14
       587         17
       588         21
       589         11
       590         14
       591         14
       592         19
       593          8
       594         15
       595         10
       596         11
       597         15
       598         22
       599         11
       600         15
       601         19
       602         13
       603         15
       604         10
       605         16
       606         12
       607         18
       608         16
       609         14
       610         19
       611         15
       612         14
       613          9
       614         16
       615         18
       616         17
       617         17
       618         13
       619          5
       620         20
       621         18
       622         13
       623         12
       624         16
       625         11
       626         17
       627         14
       628         11
       629         19
       630         17
       631         10
       632         15
       633         14
       634         13
       635         17
       636         16
       637         18
       638         14
       639         11
       640         15
       641         17
       642         19
       643         13
       644         10
       645         23
       646         18
       647         16
       648         19
       649         17
       650         13
       651          9
       652         14
       653          7
       654         20
       655         13
       656         17
       657         16
       658         13
       659         13
       660         14
       661         20
       662         14
       663         16
       664          6
       665         22
       666         10
       667         11
       668         13
       669         14
       670         15
       671         12
       672         16
       673         14
       674         17
       675         17
       676          8
       677          9
       678         11
       679         17
       680         14
       681         11
       682         16
       683         13
       684         10
       685         16
       686         13
       687          9
       688         21
       689         14
       690         20
       691         15
       692         13
       693          7
       694         12
       695         19
       696         18
       697         16
       698         19
       699         20
       700         12
       701         16
       702         19
       703         18
       704         14
       705         11
       706         17
       707         16
       708         13
       709         24
       710         10
       711         17
       712         14
       713         16
       714         14
       715         14
       716         13
       717         18
       718         23
       719         12
       720         19
       721         18
       722         16
       723         13
       724         12
       725         10
       726         13
       727         11
       728         12
       729         10
       730         18
       731         16
       732         11
       733         14
       734         12
       735         13
       736         12
       737         19
       738         19
       739         12
       740         16
       741         17
       742         10
       743         16
       744         20
       745         21
       746         11
       747         15
       748         15
       749         12
       750         20
       751         15
       752         16
       753          7
       754         13
       755          8
       756         12
       757          8
       758         12
       759         12
       760         18
       761         13
       762         16
       763         17
       764         13
       765          9
       766         20
       767         16
       768         11
       769         20
       770         23
       771         16
       772         15
       773         14
       774         13
       775         10
       776         22
       777          8
       778         18
       779         11
       780         22
       781         18
       782         12
       783         24
       784         21
       785         13
       786         18
       787         21
       788         13
       789         16
       790         18
       791         14
       792         11
       793         12
       794         19
       795         12
       796         14
       797         18
       798         16
       799         19
       800         14
       801         10
       802         15
       803         19
       804         17
       805         17
       806         11
       807         12
       808         20
       809          9
       810         13
       811         13
       812         15
       813         17
       814          9
       815         16
       816         11
       817          7
       818         20
       819         16
       820          9
       821         17
       822         15
       823         21
       824         13
       825         14
       826         19
       827         12
       828         20
       829         10
       830         16
       831         15
       832         17
       833         17
       834         17
       835         12
       836         21
       837         13
       838         17
       839         17
       840         16
       841         17
       842         17
       843         19
       844         13
       845          5
       846         15
       847         18
       848         14
       849         19
       850         15
       851         20
       852         19
       853         14
       854         18
       855         15
       856         14
       857         12
       858         14
       859         13
       860         12
       861         10
       862         11
       863         18
       864         13
       865         17
       866         13
       867         13
       868         13
       869         12
       870         15
       871          8
       872          6
       873         18
       874          7
       875          8
       876         15
       877         15
       878         14
       879         16
       880         15
       881         17
       882         19
       883          8
       884         17
       885         12
       886          3
       887         14
       888         24
       889         16
       890         22
       891         20
       892         15
       893         17
       894         16
       895         11
       896         17
       897         15
       898         13
       899         18
       900         11
       901         25
       902         16
       903         11
       904         18
       905         15
       906         14
       907          9
       908         12
       909         13
       910         13
       911         12
       912         14
       913         13
       914         13
       915         17
       916         14
       917         15
       918         11
       919         19
       920         11
       921          9
       922         20
       923          9
       924         20
       925         12
       926         15
       927         12
       928         15
       929         13
       930         12
       931         15
       932         14
       933         10
       934         11
       935         11
       936         10
       937         11
       938         21
       939         10
       940         17
       941         14
       942          7
       943         16
       944          9
       945          9
       946         14
       947         14
       948         10
       949         10
       950         12
       951         13
       952         18
       953         15
       954          9
       955         10
       956         14
       957         15
       958         19
       959         14
       960         18
       961         16
       962         10
       963         15
       964         17
       965         17
       966         19
       967         11
       968         19
       969         17
       970         14
       971          8
       972         16
       973         17
       974          7
       975         16
       976         22
       977          8
       978         14
       979         11
       980         12
       981         12
       982         18
       983         15
       984         19
       985         14
       986         15
       987         20
       988         16
       989         16
       990         15
       991         17
       992         11
       993         19
       994         10
       995         13
       996         16
       997         18
       998          9
       999         13
      1000         16
      1001         14
      1002         16
      1003         18
      1004         12
      1005         13
      1006         15
      1007         16
      1008         16
      1009         16
      1010         17
      1011         16
      1012         14
      1013         17
      1014         21
      1015         14
      1016         21
      1017         11
      1018         14
      1019          9
      1020         14
      1021         10
      1022         10
      1023         13
      1024         12
      1025         12
      1026         13
      1027         15
      1028         18
      1029         15
      1030         26
      1031         13
      1032         15
      1033         16
      1034         17
      1035         11
      1036         15
      1037         11
      1038          9
      1039         19
      1040         11
      1041         14
      1042         12
      1043         13
      1044         14
      1045         10
      1046         11
      1047         12
      1048         13
      1049         13
      1050         18
      1051         14
      1052         13
      1053         23
      1054         10
      1055         13
      1056         11
      1057         13
      1058         13
      1059         17
      1060         15
      1061         13
      1062         17
      1063         14
      1064         12
      1065         10
      1066         18
      1067         11
      1068         21
      1069         18
      1070         17
      1071         15
      1072         16
      1073          8
      1074         14
      1075         16
      1076         15
      1077         15
      1078         12
      1079         15
      1080         21
      1081         17
      1082          8
      1083         10
      1084         11
      1085         18
      1086         12
      1087         21
      1088         20
      1089         14
      1090         12
      1091         19
      1092         13
      1093         12
      1094         19
      1095         17
      1096         19
      1097         12
      1098         15
      1099         18
      1100          9
      1101         18
      1102         14
      1103         16
      1104         10
      1105         21
      1106         12
      1107         12
      1108          6
      1109          7
      1110         15
      1111         15
      1112          9
      1113         10
      1114         14
      1115         18
      1116         14
      1117         13
      1118         11
      1119         11
      1120         16
      1121         14
      1122         17
      1123          8
      1124         22
      1125         17
      1126         11
      1127         16
      1128         12
      1129         12
      1130         18
      1131         15
      1132         15
      1133         11
      1134         14
      1135         12
      1136         15
      1137         16
      1138         14
      1139          8
      1140         11
      1141         16
      1142         16
      1143          9
      1144         17
      1145         18
      1146         15
      1147         10
      1148         12
      1149         16
      1150         15
      1151         14
      1152         17
      1153         24
      1154         13
      1155         17
      1156         16
      1157         10
      1158         10
      1159         12
      1160         16
      1161          5
      1162         11
      1163         20
      1164          9
      1165         11
      1166          8
      1167         16
      1168         24
      1169         14
      1170         17
      1171         17
      1172         17
      1173         13
      1174         14
      1175         14
      1176         13
      1177         19
      1178         18
      1179         12
      1180         15
      1181         16
      1182         13
      1183         17
      1184         14
      1185         12
      1186          9
      1187         12
      1188         13
      1189         14
      1190         13
      1191         13
      1192         13
      1193         23
      1194         12
      1195         21
      1196         16
      1197         13
      1198          8
      1199         12
      1200         18
      1201         19
      1202         12
      1203         11
      1204         13
      1205         13
      1206         14
      1207         17
      1208         15
      1209         13
      1210         10
      1211         14
      1212         13
      1213          9
      1214         11
      1215         24
      1216         22
      1217         14
      1218         18
      1219         11
      1220         20
      1221         11
      1222         15
      1223         16
      1224         14
      1225         11
      1226         18
      1227          9
      1228         24
      1229         19
      1230         10
      1231         11
      1232         15
      1233         11
      1234         19
      1235          8
      1236         12
      1237         15
      1238         12
      1239         13
      1240          8
      1241         10
      1242         19
      1243         17
      1244         16
      1245         10
      1246         11
      1247         23
      1248         16
      1249         12
      1250         11
      1251         11
      1252         21
      1253         16
      1254         10
      1255         10
      1256         14
      1257         13
      1258         19
      1259         12
      1260         16
      1261         20
      1262         14
      1263         15
      1264         14
      1265         14
      1266         16
      1267         10
      1268         11
      1269         19
      1270         15
      1271         13
      1272         13
      1273         20
      1274         16
      1275         17
      1276         16
      1277         11
      1278         19
      1279          8
      1280         15
      1281          8
      1282         13
      1283         18
      1284         11
      1285         13
      1286         19
      1287         18
      1288         19
      1289         16
      1290         16
      1291         16
      1292         12
      1293         10
      1294         16
      1295         16
      1296         19
      1297         18
      1298         16
      1299         18
      1300         18
      1301         11
      1302         13
      1303         17
      1304         19
      1305         12
      1306         22
      1307         11
      1308         18
      1309          9
      1310         11
      1311         15
      1312         14
      1313         16
      1314         14
      1315         15
      1316         14
      1317         11
      1318         21
      1319         12
      1320         11
      1321         15
      1322         14
      1323         11
      1324         12
      1325         13
      1326         16
      1327         19
      1328         11
      1329         17
      1330         15
      1331         17
      1332         10
      1333         16
      1334         16
      1335          7
      1336         17
      1337         11
      1338         21
      1339         11
      1340         11
      1341         15
      1342         16
      1343         14
      1344          7
      1345         14
      1346         20
      1347          9
      1348         10
      1349         18
      1350         11
      1351         19
      1352         12
      1353         15
      1354         17
      1355         21
      1356         19
      1357         13
      1358         17
      1359         22
      1360         20
      1361          8
      1362         17
      1363         10
      1364         12
      1365         10
      1366         14
      1367         11
      1368         11
      1369         16
      1370         18
      1371         13
      1372         15
      1373         11
      1374         20
      1375         19
      1376         12
      1377          9
      1378         15
      1379         18
      1380         17
      1381         22
      1382         18
      1383         24
      1384         13
      1385         14
      1386         17
      1387         22
      1388         17
      1389         14
      1390         13
      1391         28
      1392         12
      1393         20
      1394         13
      1395         16
      1396         21
      1397         17
      1398         15
      1399         15
      1400          4
      1401         15
      1402         12
      1403         12
      1404         10
      1405         16
      1406         13
      1407         18
      1408         12
      1409         20
      1410         14
      1411         13
      1412         16
      1413         16
      1414         11
      1415         17
      1416         19
      1417         22
      1418         13
      1419         12
      1420         18
      1421         12
      1422         20
      1423         15
      1424         14
      1425         13
      1426         15
      1427         14
      1428         17
      1429         14
      1430         13
      1431         12
      1432         21
      1433         17
      1434         13
      1435          7
      1436         16
      1437         14
      1438         13
      1439         15
      1440         14
      1441          7
      1442         13
      1443         13
      1444         17
      1445         19
      1446         20
      1447         10
      1448         13
      1449         16
      1450         10
      1451          8
      1452         12
      1453         16
      1454         10
      1455         11
      1456         10
      1457         14
      1458         13
      1459         20
      1460         10
      1461         10
      1462         18
      1463         13
      1464         13
      1465         12
      1466         14
      1467         12
      1468         17
      1469         19
      1470         18
      1471         16
      1472         11
      1473         16
      1474         18
      1475         16
      1476         13
      1477         19
      1478         15
      1479          4
      1480         15
      1481         11
      1482         15
      1483         13
      1484         13
      1485         18
      1486         16
      1487         14
      1488         13
      1489         21
      1490         17
      1491          9
      1492         11
      1493         14
      1494         16
      1495         15
      1496         14
      1497         10
      1498          9
      1499         11
      1500         14
      1501         13
      1502         11
      1503         16
      1504         18
      1505         12
      1506         11
      1507         10
      1508         15
      1509         22
      1510         21
      1511         14
      1512         14
      1513         13
      1514         12
      1515         15
      1516         16
      1517         11
      1518         12
      1519         12
      1520         13
      1521         13
      1522          8
      1523         20
      1524         17
      1525         18
      1526         11
      1527         20
      1528         17
      1529         21
      1530         20
      1531         13
      1532         17
      1533         11
      1534         15
      1535         10
      1536         12
      1537         19
      1538         13
      1539         11
      1540         14
      1541         16
      1542         21
      1543         19
      1544         26
      1545         12
      1546         11
      1547         13
      1548         14
      1549         13
      1550         15
      1551         10
      1552         12
      1553         10
      1554         13
      1555         17
      1556         17
      1557         14
      1558         10
      1559         11
      1560         14
      1561         21
      1562         16
      1563         17
      1564          8
      1565         23
      1566         11
      1567         14
      1568          9
      1569         12
      1570         19
      1571         18
      1572         19
      1573         16
      1574         13
      1575         11
      1576         17
      1577         12
      1578         11
      1579         14
      1580         11
      1581          9
      1582         14
      1583         14
      1584         23
      1585          9
      1586         15
      1587         16
      1588         18
      1589         16
      1590         11
      1591         12
      1592         19
      1593         15
      1594         11
      1595         15
      1596         17
      1597         19
      1598         21
      1599         16
      1600         16
      1601         19
      1602         19
      1603         12
      1604         14
      1605         18
      1606         17
      1607         13
      1608         22
      1609          9
      1610         16
      1611         13
      1612          9
      1613         16
      1614         14
      1615         15
      1616         12
      1617         18
      1618         18
      1619         17
      1620          8
      1621         17
      1622         15
      1623         11
      1624         13
      1625         11
      1626         14
      1627         20
      1628         15
      1629         17
      1630         14
      1631         16
      1632         11
      1633         11
      1634         13
      1635         16
      1636         18
      1637         18
      1638         19
      1639         11
      1640         14
      1641         15
      1642         14
      1643         12
      1644         11
      1645         14
      1646         19
      1647         11
      1648         19
      1649         12
      1650         10
      1651         20
      1652         17
      1653         12
      1654         19
      1655          9
      1656         12
      1657         15
      1658         19
      1659         21
      1660         11
      1661         10
      1662         15
      1663         15
      1664         10
      1665         10
      1666         14
      1667         18
      1668         11
      1669         18
      1670         11
      1671         10
      1672         15
      1673         11
      1674         17
      1675         12
      1676         14
      1677         11
      1678         14
      1679         26
      1680         16
      1681         13
      1682         10
      1683         20
      1684         16
      1685         14
      1686         16
      1687         13
      1688         16
      1689         15
      1690         14
      1691         18
      1692         18
      1693          7
      1694         12
      1695         17
      1696         16
      1697         15
      1698         12
      1699         10
      1700         18
      1701         14
      1702         21
      1703         13
      1704         15
      1705         13
      1706         17
      1707          8
      1708         18
      1709         16
      1710         24
      1711         17
      1712         14
      1713         12
      1714         14
      1715         16
      1716         14
      1717         14
      1718         15
      1719         15
      1720         15
      1721         12
      1722         11
      1723         18
      1724         13
      1725         16
      1726         11
      1727         12
      1728         14
      1729         13
      1730         17
      1731         12
      1732         19
      1733         13
      1734         13
      1735         15
      1736         15
      1737         11
      1738         10
      1739         26
      1740         14
      1741         14
      1742          8
      1743         14
      1744         17
      1745         17
      1746         12
      1747          9
      1748         17
      1749          9
      1750         12
      1751         17
      1752          8
      1753         14
      1754         13
      1755         18
      1756         20
      1757         16
      1758         16
      1759         21
      1760         17
      1761         10
      1762         12
      1763         19
      1764         19
      1765         16
      1766         20
      1767         23
      1768         13
      1769         12
      1770         14
      1771         14
      1772         13
      1773         15
      1774         12
      1775         26
      1776         11
      1777         11
      1778         14
      1779         12
      1780         13
      1781         13
      1782         14
      1783         22
      1784         11
      1785         19
      1786          9
      1787         15
      1788         14
      1789         12
      1790         16
      1791         16
      1792         11
      1793         18
      1794         19
      1795         10
      1796         17
      1797         11
      1798         17
      1799         12
      1800         19
      1801         14
      1802         11
      1803         12
      1804         10
      1805         11
      1806         13
      1807         21
      1808         21
      1809         16
      1810         12
      1811         13
      1812         13
      1813         14
      1814         13
      1815         21
      1816         15
      1817          8
      1818         15
      1819         23
      1820         19
      1821         16
      1822         12
      1823         19
      1824         16
      1825         25
      1826         11
      1827         13
      1828         10
      1829         13
      1830         20
      1831         14
      1832         17
      1833         14
      1834         16
      1835         16
      1836         16
      1837         18
      1838         10
      1839         14
      1840         14
      1841         13
      1842         12
      1843         13
      1844         14
      1845         13
      1846         16
      1847         14
      1848         15
      1849         21
      1850          9
      1851         18
      1852         20
      1853         13
      1854         14
      1855          8
      1856         11
      1857         19
      1858         15
      1859         13
      1860         12
      1861         11
      1862         14
      1863         12
      1864         13
      1865         15
      1866         15
      1867         12
      1868         11
      1869          6
      1870         18
      1871         14
      1872         17
      1873         17
      1874         17
      1875         10
      1876         13
      1877         14
      1878         12
      1879         19
      1880         14
      1881         13
      1882          9
      1883         14
      1884         21
      1885         11
      1886         13
      1887         17
      1888         14
      1889         17
      1890         13
      1891         21
      1892         15
      1893         17
      1894         18
      1895         12
      1896         12
      1897         15
      1898         14
      1899         11
      1900         13
      1901         18
      1902         24
      1903         15
      1904         16
      1905         14
      1906         19
      1907         18
      1908         19
      1909         12
      1910         18
      1911         10
      1912         11
      1913         16
      1914         15
      1915         19
      1916         10
      1917         11
      1918         11
      1919         12
      1920         19
      1921         10
      1922          8
      1923         15
      1924         10
      1925         15
      1926          7
      1927         10
      1928         11
      1929         20
      1930         17
      1931          9
      1932         15
      1933         15
      1934         19
      1935         16
      1936         13
      1937         13
      1938         13
      1939          6
      1940         12
      1941         12
      1942         10
      1943         18
      1944         14
      1945         13
      1946         15
      1947         20
      1948         13
      1949          9
      1950         12
      1951         14
      1952         16
      1953         15
      1954         11
      1955         12
      1956         13
      1957         14
      1958         16
      1959         16
      1960         15
      1961         14
      1962         17
      1963          8
      1964         19
      1965         20
      1966         12
      1967         17
      1968         12
      1969         23
      1970         14
      1971         12
      1972         13
      1973         18
      1974         15
      1975         11
      1976         16
      1977         14
      1978         17
      1979         12
      1980          7
      1981         15
      1982         15
      1983         16
      1984         10
      1985         11
      1986         11
      1987         17
      1988         19
      1989         14
      1990         23
      1991         11
      1992         13
      1993         16
      1994         12
      1995          8
      1996         16
      1997          7
      1998         15
      1999         21
      2000         12
      2001         10
      2002         21
      2003         12
      2004         18
      2005         12
      2006         12
      2007         16
      2008         11
      2009         16
      2010         18
      2011         18
      2012         11
      2013         22
      2014         13
      2015         16
      2016         17
      2017         13
      2018         13
      2019         11
      2020          9
      2021         22
      2022         13
      2023         13
      2024         15
      2025         21
      2026         12
      2027         22
      2028         13
      2029         15
      2030         14
      2031         10
      2032         14
      2033         22
      2034         14
      2035         11
      2036         17
      2037         15
      2038         14
      2039         14
      2040         19
      2041          9
      2042         12
      2043         17
      2044         12
      2045         17
      2046         22
      2047          8
      2048         17
      2049         16
      2050         11
      2051         12
      2052         16
      2053         13
      2054         11
      2055         20
      2056         11
      2057         10
      2058         19
      2059         11
      2060         18
      2061         24
      2062         12
      2063         10
      2064         13
      2065         13
      2066          8
      2067         15
      2068         14
      2069          9
      2070         18
      2071         10
      2072         11
      2073         15
      2074         16
      2075          8
      2076         17
      2077         21
      2078         12
      2079         16
      2080          7
      2081         11
      2082          8
      2083         15
      2084          6
      2085         21
      2086         11
      2087         19
      2088         13
      2089         12
      2090         13
      2091         13
      2092         13
      2093         13
      2094         14
      2095         13
      2096         12
      2097         18
      2098         13
      2099         16
      2100         11
      2101         14
      2102         13
      2103         14
      2104         10
      2105         20
      2106         12
      2107         18
      2108         11
      2109          9
      2110         18
      2111         10
      2112         16
      2113         16
      2114         16
      2115         11
      2116         16
      2117         16
      2118         14
      2119         16
      2120         14
      2121         14
      2122         10
      2123         11
      2124         11
      2125         14
      2126         14
      2127         12
      2128         18
      2129         10
      2130         11
      2131         13
      2132         14
      2133         12
      2134         14
      2135         12
      2136         15
      2137         13
      2138          8
      2139         13
      2140         19
      2141         16
      2142         21
      2143         18
      2144         16
      2145         10
      2146         15
      2147         10
      2148         11
      2149         19
      2150         15
      2151         12
      2152         11
      2153         10
      2154         15
      2155         12
      2156         17
      2157         19
      2158         24
      2159         19
      2160         18
      2161         13
      2162         15
      2163         18
      2164         16
      2165         21
      2166         18
      2167         14
      2168         13
      2169         13
      2170         20
      2171         13
      2172          7
      2173         12
      2174         21
      2175         13
      2176         15
      2177          5
      2178         13
      2179         14
      2180         10
      2181         21
      2182         19
      2183         17
      2184         12
      2185         19
      2186         18
      2187         18
      2188         11
      2189         11
      2190         21
      2191          9
      2192         10
      2193         15
      2194         14
      2195         18
      2196         22
      2197         10
      2198          9
      2199         15
      2200         14
      2201         13
      2202         15
      2203         19
      2204         19
      2205         20
      2206         19
      2207         10
      2208         20
      2209         13
      2210         13
      2211         13
      2212         22
      2213         15
      2214         24
      2215         13
      2216         18
      2217         10
      2218         14
      2219         12
      2220         12
      2221         14
      2222         18
      2223         12
      2224         17
      2225         19
      2226         24
      2227         13
      2228         11
      2229         15
      2230         19
      2231         15
      2232         14
      2233         16
      2234         11
      2235         14
      2236         23
      2237          8
      2238         12
      2239         15
      2240         17
      2241         17
      2242         16
      2243          9
      2244          4
      2245         16
      2246         13
      2247         11
      2248         13
      2249         24
      2250         12
      2251         13
      2252          7
      2253         20
      2254         25
      2255         20
      2256          8
      2257         19
      2258         10
      2259          9
      2260         12
      2261         12
      2262         16
      2263         13
      2264          9
      2265          8
      2266         17
      2267         12
      2268          9
      2269         11
      2270         25
      2271         15
      2272         15
      2273         17
      2274         20
      2275         10
      2276         11
      2277         11
      2278         16
      2279         15
      2280          9
      2281         17
      2282         12
      2283         14
      2284         13
      2285         17
      2286         10
      2287         11
      2288         11
      2289         14
      2290         18
      2291         13
      2292          8
      2293         20
      2294         18
      2295         12
      2296          9
      2297         14
      2298         14
      2299         14
      2300         15
      2301         15
      2302          9
      2303         20
      2304          9
      2305         12
      2306         13
      2307         12
      2308         16
      2309         11
      2310         10
      2311         13
      2312         17
      2313         22
      2314         13
      2315         15
      2316         12
      2317         11
      2318         14
      2319         20
      2320         10
      2321         16
      2322         20
      2323         19
      2324         18
      2325         17
      2326         15
      2327         15
      2328         16
      2329         11
      2330         10
      2331         12
      2332         16
      2333         16
      2334         18
      2335         10
      2336         13
      2337          8
      2338          9
      2339         17
      2340         16
      2341         14
      2342         17
      2343         17
      2344         14
      2345         14
      2346         16
      2347         13
      2348         17
      2349         14
      2350         12
      2351         23
      2352         14
      2353         21
      2354         16
      2355         16
      2356         21
      2357         13
      2358         12
      2359         14
      2360         14
      2361         17
      2362         19
      2363         13
      2364         11
      2365         18
      2366         17
      2367         14
      2368         17
      2369         16
      2370         18
      2371         12
      2372         13
      2373         12
      2374         12
      2375         22
      2376          9
      2377         13
      2378         21
      2379         14
      2380         12
      2381         21
      2382         16
      2383         19
      2384         17
      2385         17
      2386         13
      2387         11
      2388         10
      2389         10
      2390         18
      2391         17
      2392         13
      2393         22
      2394         11
      2395          5
      2396         12
      2397         11
      2398         12
      2399         20
      2400         15
      2401         11
      2402          8
      2403         16
      2404         11
      2405         12
      2406         20
      2407          9
      2408         18
      2409         13
      2410         18
      2411         15
      2412         19
      2413          9
      2414         13
      2415         16
      2416          9
      2417         12
      2418         19
      2419         12
      2420         18
      2421         15
      2422         10
      2423         17
      2424         15
      2425         16
      2426         19
      2427         17
      2428         13
      2429         17
      2430         11
      2431         11
      2432         18
      2433         17
      2434         15
      2435         13
      2436         16
      2437         17
      2438         18
      2439         18
      2440         24
      2441         17
      2442         12
      2443         15
      2444         17
      2445         18
      2446         19
      2447         18
      2448         13
      2449         19
      2450         12
      2451         17
      2452          8
      2453         11
      2454         17
      2455         13
      2456         15
      2457         12
      2458         13
      2459         16
      2460          9
      2461          9
      2462         14
      2463         19
      2464         14
      2465         12
      2466         15
      2467         11
      2468         18
      2469         14
      2470         20
      2471         14
      2472         13
      2473          9
      2474         11
      2475         10
      2476         21
      2477         24
      2478         21
      2479         17
      2480         19
      2481         16
      2482          8
      2483         16
      2484         15
      2485         16
      2486         10
      2487         13
      2488         14
      2489         18
      2490         19
      2491          6
      2492         16
      2493         18
      2494         11
      2495         19
      2496         11
      2497         12
      2498         14
      2499         12
      2500         19
      2501         15
      2502         19
      2503         17
      2504         14
      2505         11
      2506         14
      2507         14
      2508         17
      2509         11
      2510         21
      2511         12
      2512         15
      2513         13
      2514         20
      2515         17
      2516         11
      2517         12
      2518          8
      2519         14
      2520         11
      2521         12
      2522         14
      2523          9
      2524         10
      2525         13
      2526         16
      2527         18
      2528         16
      2529         17
      2530         13
      2531         16
      2532         13
      2533         10
      2534         14
      2535         13
      2536         15
      2537         13
      2538         16
      2539         13
      2540          9
      2541         11
      2542         14
      2543         19
      2544          9
      2545         18
      2546         17
      2547         11
      2548         11
      2549         16
      2550         19
      2551         18
      2552         16
      2553         10
      2554          6
      2555         18
      2556         22
      2557         10
      2558         15
      2559         16
      2560         14
      2561         19
      2562         15
      2563         14
      2564         20
      2565         12
      2566         23
      2567         20
      2568         13
      2569         14
      2570         21
      2571         16
      2572         19
      2573         11
      2574         14
      2575         15
      2576         16
      2577         17
      2578         10
      2579          7
      2580         12
      2581         16
      2582         10
      2583         17
      2584          9
      2585         14
      2586          9
      2587         18
      2588         16
      2589          9
      2590         13
      2591         16
      2592         11
      2593         16
      2594         15
      2595         13
      2596         18
      2597         22
      2598         18
      2599         15
      2600         19
      2601         12
      2602          6
      2603         16
      2604         22
      2605         16
      2606          6
      2607         17
      2608         12
      2609         12
      2610         13
      2611         12
      2612         10
      2613         13
      2614         15
      2615         13
      2616         15
      2617         15
      2618         18
      2619         16
      2620         19
      2621         21
      2622         16
      2623         10
      2624          5
      2625         12
      2626         10
      2627         18
      2628         17
      2629         10
      2630         14
      2631         12
      2632         23
      2633         13
      2634          9
      2635         15
      2636          9
      2637         18
      2638         12
      2639         11
      2640         14
      2641         14
      2642         16
      2643         17
      2644         13
      2645         14
      2646         16
      2647         11
      2648         21
      2649          9
      2650         16
      2651         23
      2652         13
      2653         14
      2654         17
      2655         14
      2656         15
      2657         14
      2658         12
      2659         16
      2660         13
      2661         16
      2662         16
      2663         12
      2664         17
      2665         20
      2666         11
      2667         16
      2668         23
      2669         20
      2670         13
      2671         19
      2672         15
      2673         17
      2674         11
      2675         20
      2676         14
      2677         17
      2678         11
      2679         10
      2680         14
      2681          9
      2682         12
      2683         17
      2684          5
      2685         12
      2686         17
      2687         15
      2688         13
      2689         14
      2690          8
      2691         13
      2692         15
      2693         15
      2694         10
      2695         20
      2696         20
      2697         11
      2698         17
      2699         24
      2700         17
      2701         14
      2702         15
      2703         17
      2704          6
      2705         13
      2706         14
      2707         18
      2708         12
      2709         13
      2710         13
      2711         16
      2712         11
      2713         17
      2714         14
      2715         15
      2716         14
      2717         19
      2718         21
      2719         15
      2720         20
      2721         13
      2722         17
      2723         17
      2724         13
      2725         12
      2726         15
      2727         20
      2728         14
      2729         12
      2730         10
      2731          7
      2732         12
      2733         13
      2734         13
      2735         13
      2736         16
      2737         17
      2738         17
      2739         16
      2740         16
      2741         13
      2742          9
      2743         14
      2744         10
      2745         13
      2746         10
      2747         15
      2748         11
      2749         22
      2750         18
      2751         13
      2752          7
      2753         14
      2754         11
      2755         10
      2756         16
      2757         21
      2758          9
      2759         22
      2760         15
      2761         14
      2762         13
      2763         14
      2764         15
      2765         16
      2766         17
      2767         12
      2768         19
      2769         16
      2770         14
      2771         18
      2772         14
      2773          8
      2774         12
      2775         21
      2776         14
      2777         16
      2778         11
      2779         14
      2780         12
      2781         18
      2782         22
      2783         16
      2784         18
      2785         12
      2786         14
      2787         13
      2788         20
      2789         16
      2790         20
      2791         15
      2792          9
      2793          9
      2794         14
      2795         15
      2796         14
      2797         10
      2798         14
      2799         23
      2800         14
      2801         12
      2802         15
      2803         13
      2804         17
      2805         19
      2806         13
      2807         12
      2808          6
      2809         12
      2810         19
      2811         14
      2812         12
      2813         13
      2814         10
      2815         13
      2816         11
      2817         18
      2818         13
      2819         18
      2820         15
      2821         15
      2822         11
      2823         10
      2824         11
      2825         14
      2826         11
      2827         13
      2828         20
      2829         15
      2830         18
      2831         16
      2832         22
      2833         12
      2834         12
      2835         12
      2836          9
      2837         13
      2838         14
      2839          8
      2840         12
      2841         12
      2842         19
      2843         22
      2844         20
      2845         12
      2846         12
      2847          9
      2848         15
      2849         13
      2850         12
      2851         16
      2852          8
      2853         15
      2854         17
      2855         20
      2856         15
      2857         18
      2858         19
      2859         14
      2860         18
      2861         12
      2862         16
      2863         13
      2864         12
      2865         15
      2866         15
      2867         11
      2868         15
      2869         15
      2870         18
      2871         22
      2872         15
      2873         13
      2874         15
      2875         15
      2876         13
      2877          8
      2878         10
      2879         21
      2880         13
      2881         18
      2882         11
      2883         21
      2884         15
      2885         18
      2886         17
      2887         15
      2888         18
      2889         13
      2890         14
      2891         22
      2892         11
      2893         13
      2894         19
      2895          9
      2896         21
      2897         10
      2898         21
      2899         24
      2900         14
      2901         11
      2902         11
      2903          4
      2904         18
      2905         15
      2906          9
      2907         22
      2908         12
      2909         21
      2910         11
      2911          8
      2912         13
      2913         10
      2914         15
      2915         18
      2916         13
      2917         11
      2918         21
      2919         13
      2920         20
      2921         18
      2922         16
      2923         15
      2924         13
      2925         10
      2926         14
      2927         15
      2928         13
      2929         13
      2930         16
      2931         22
      2932         17
      2933         15
      2934         17
      2935         11
      2936         13
      2937         13
      2938          7
      2939         19
      2940         14
      2941          6
      2942         19
      2943          5
      2944         14
      2945         10
      2946         13
      2947         21
      2948         11
      2949         12
      2950          9
      2951         12
      2952         11
      2953         14
      2954         19
      2955         15
      2956         15
      2957         15
      2958         13
      2959         11
      2960         20
      2961         12
      2962         18
      2963         12
      2964         15
      2965         14
      2966          8
      2967         11
      2968         18
      2969         25
      2970         22
      2971         14
      2972         12
      2973          7
      2974         18
      2975         13
      2976         16
      2977         22
      2978         14
      2979         11
      2980         13
      2981         16
      2982         17
      2983         14
      2984          8
      2985         16
      2986         14
      2987         18
      2988         19
      2989         17
      2990         15
      2991         19
      2992         13
      2993         14
      2994         12
      2995         15
      2996         11
      2997         13
      2998         14
      2999         16
      3000         16
      3001         17
      3002         10
      3003         13
      3004         21
      3005         10
      3006         12
      3007         17
      3008         13
      3009         13
      3010         13
      3011         19
      3012         12
      3013         17
      3014         19
      3015         19
      3016         13
      3017         15
      3018         14
      3019         16
      3020         18
      3021         12
      3022         11
      3023         21
      3024         15
      3025         14
      3026         15
      3027          9
      3028         16
      3029         12
      3030         17
      3031         12
      3032          7
      3033         13
      3034         12
      3035         17
      3036         19
      3037         12
      3038         15
      3039         19
      3040         15
      3041         13
      3042         25
      3043         13
      3044         16
      3045         19
      3046         14
      3047         11
      3048         11
      3049         20
      3050         10
      3051         15
      3052         12
      3053         14
      3054         10
      3055         15
      3056         19
      3057         12
      3058         21
      3059         17
      3060         13
      3061         11
      3062         15
      3063         18
      3064         17
      3065         11
      3066         14
      3067          7
      3068         14
      3069         14
      3070         21
      3071         19
      3072         13
      3073         17
      3074         16
      3075         18
      3076         13
      3077         11
      3078         15
      3079         19
      3080         13
      3081         15
      3082         12
      3083         16
      3084         14
      3085         10
      3086         14
      3087         13
      3088         14
      3089         14
      3090         11
      3091         12
      3092         19
      3093         10
      3094          8
      3095         12
      3096         12
      3097         16
      3098         16
      3099          9
      3100         14
      3101         20
      3102         20
      3103         16
      3104          8
      3105         15
      3106          4
      3107         18
      3108         11
      3109         11
      3110         18
      3111         12
      3112         13
      3113         18
      3114          7
      3115         15
      3116         20
      3117         17
      3118         17
      3119         12
      3120         13
      3121          7
      3122         14
      3123         16
      3124         10
      3125         14
      3126         19
      3127         18
      3128         13
      3129         12
      3130         17
      3131         10
      3132         17
      3133         16
      3134         23
      3135         13
      3136         20
      3137          7
      3138         24
      3139         17
      3140         12
      3141         17
      3142          9
      3143         18
      3144          7
      3145         10
      3146         17
      3147         12
      3148         13
      3149         11
      3150         15
      3151         10
      3152         21
      3153         12
      3154         12
      3155         18
      3156         11
      3157         11
      3158         15
      3159         13
      3160          9
      3161          8
      3162         15
      3163         14
      3164         18
      3165          9
      3166         14
      3167          9
      3168         11
      3169         16
      3170         11
      3171         19
      3172         15
      3173         12
      3174         14
      3175         20
      3176         18
      3177         19
      3178         13
      3179         14
      3180         17
      3181         12
      3182         22
      3183          7
      3184         10
      3185          9
      3186         14
      3187         15
      3188         14
      3189         14
      3190          9
      3191         14
      3192         23
      3193         18
      3194         17
      3195         15
      3196         11
      3197         13
      3198         10
      3199         26
      3200         14
      3201         17
      3202         13
      3203         14
      3204         16
      3205         18
      3206         15
      3207         11
      3208         17
      3209          9
      3210         17
      3211         14
      3212         16
      3213          9
      3214          8
      3215         18
      3216         10
      3217         16
      3218         16
      3219         11
      3220         14
      3221         14
      3222         18
      3223         16
      3224         12
      3225         17
      3226         14
      3227         22
      3228         12
      3229         14
      3230          7
      3231         14
      3232         11
      3233         22
      3234         19
      3235         23
      3236         18
      3237         12
      3238         15
      3239         13
      3240         11
      3241         11
      3242         11
      3243         14
      3244         13
      3245         14
      3246         24
      3247         13
      3248         20
      3249         12
      3250         16
      3251          7
      3252         14
      3253         16
      3254          9
      3255         16
      3256         15
      3257         10
      3258         17
      3259         13
      3260         10
      3261         17
      3262         11
      3263          8
      3264         18
      3265         11
      3266         13
      3267         20
      3268         20
      3269         22
      3270         13
      3271         11
      3272          9
      3273         12
      3274         15
      3275         11
      3276         23
      3277         20
      3278         18
      3279         14
      3280         13
      3281         13
      3282         17
      3283         13
      3284         17
      3285         18
      3286         14
      3287         17
      3288         16
      3289         13
      3290         20
      3291         17
      3292         14
      3293         16
      3294         14
      3295         22
      3296         18
      3297         13
      3298          7
      3299         15
      3300         25
      3301         18
      3302         11
      3303         14
      3304         18
      3305         10
      3306         13
      3307         18
      3308         13
      3309         19
      3310         15
      3311         16
      3312         16
      3313         12
      3314         16
      3315         11
      3316         15
      3317         23
      3318         18
      3319         12
      3320         15
      3321         17
      3322         17
      3323         12
      3324         13
      3325         22
      3326          9
      3327         17
      3328         12
      3329          9
      3330          9
      3331         16
      3332         20
      3333         12
      3334         15
      3335         10
      3336         14
      3337          8
      3338         15
      3339         20
      3340         12
      3341         17
      3342         11
      3343         11
      3344         10
      3345         14
      3346         16
      3347         12
      3348         20
      3349          9
      3350         17
      3351         19
      3352         16
      3353         16
      3354         16
      3355          9
      3356         17
      3357         19
      3358         16
      3359         16
      3360         10
      3361         11
      3362         19
      3363          9
      3364         15
      3365         15
      3366          9
      3367         17
      3368         11
      3369         12
      3370         13
      3371         11
      3372         21
      3373         18
      3374         12
      3375         14
      3376         16
      3377         13
      3378         17
      3379         10
      3380         20
      3381         20
      3382         17
      3383         17
      3384         13
      3385          8
      3386          9
      3387         10
      3388         13
      3389         17
      3390         16
      3391         17
      3392         15
      3393         17
      3394         15
      3395         21
      3396         11
      3397         10
      3398         17
      3399         19
      3400         13
      3401         14
      3402         19
      3403         11
      3404          9
      3405          9
      3406          9
      3407         15
      3408         14
      3409         13
      3410          8
      3411         13
      3412         18
      3413         15
      3414         14
      3415         12
      3416         19
      3417         15
      3418         18
      3419         17
      3420         12
      3421         15
      3422         13
      3423         22
      3424         17
      3425         14
      3426         13
      3427         17
      3428         11
      3429         23
      3430         24
      3431         13
      3432          9
      3433         17
      3434         15
      3435          7
      3436         14
      3437         10
      3438         15
      3439          9
      3440         11
      3441         11
      3442         14
      3443         17
      3444         17
      3445         21
      3446         10
      3447         13
      3448         10
      3449         20
      3450         20
      3451         14
      3452          9
      3453         17
      3454         11
      3455         16
      3456         12
      3457         17
      3458         19
      3459         12
      3460         27
      3461         12
      3462         13
      3463          8
      3464         14
      3465         14
      3466         13
      3467          9
      3468         17
      3469         22
      3470         14
      3471         11
      3472         13
      3473         16
      3474         15
      3475         17
      3476         18
      3477         11
      3478         12
      3479         20
      3480         21
      3481         18
      3482         20
      3483          8
      3484         16
      3485         16
      3486          9
      3487         12
      3488         12
      3489         15
      3490         10
      3491         17
      3492         10
      3493         20
      3494         15
      3495         17
      3496         10
      3497         18
      3498         18
      3499         15
      3500         15
      3501         19
      3502         16
      3503          8
      3504          8
      3505          7
      3506         19
      3507         16
      3508         14
      3509         10
      3510         18
      3511         14
      3512         18
      3513         12
      3514         20
      3515         14
      3516          5
      3517         11
      3518         15
      3519         19
      3520          8
      3521         16
      3522         14
      3523         16
      3524         11
      3525         11
      3526         12
      3527         14
      3528         14
      3529         22
      3530         12
      3531         18
      3532         12
      3533         11
      3534         12
      3535         11
      3536         21
      3537         20
      3538         11
      3539         11
      3540         15
      3541         19
      3542         10
      3543         12
      3544         13
      3545         11
      3546         13
      3547         15
      3548         15
      3549         16
      3550         18
      3551         13
      3552         11
      3553         18
      3554         12
      3555         18
      3556         15
      3557         11
      3558         15
      3559          8
      3560         10
      3561         21
      3562         10
      3563         13
      3564         14
      3565         19
      3566         14
      3567         11
      3568         15
      3569         11
      3570         20
      3571         14
      3572          9
      3573         21
      3574         19
      3575         18
      3576         13
      3577          9
      3578         13
      3579         16
      3580         13
      3581         17
      3582         17
      3583          8
      3584         12
      3585          8
      3586         15
      3587         11
      3588         12
      3589         14
      3590         16
      3591         15
      3592         15
      3593         12
      3594         23
      3595         13
      3596         19
      3597         15
      3598         13
      3599         14
      3600         15
      3601         17
      3602         23
      3603         14
      3604         11
      3605         10
      3606         12
      3607         15
      3608         14
      3609         10
      3610          9
      3611         13
      3612         14
      3613         10
      3614         15
      3615         14
      3616         18
      3617         15
      3618          9
      3619         18
      3620          7
      3621         18
      3622         22
      3623         16
      3624         10
      3625          9
      3626         19
      3627         17
      3628         17
      3629         21
      3630          9
      3631         14
      3632         19
      3633         12
      3634         15
      3635          9
      3636         12
      3637          5
      3638         13
      3639         10
      3640         14
      3641         25
      3642         12
      3643         13
      3644         14
      3645         10
      3646         16
      3647          9
      3648         16
      3649         13
      3650         17
      3651         14
      3652         11
      3653         14
      3654         11
      3655         23
      3656         16
      3657         18
      3658         18
      3659         12
      3660         11
      3661         17
      3662         15
      3663         16
      3664         13
      3665         21
      3666         10
      3667         14
      3668         15
      3669         14
      3670         10
      3671         16
      3672         10
      3673         10
      3674         10
      3675          7
      3676         11
      3677         17
      3678         16
      3679         12
      3680         15
      3681         17
      3682         18
      3683         20
      3684         13
      3685         12
      3686         19
      3687         17
      3688         18
      3689         21
      3690         18
      3691          9
      3692         15
      3693         16
      3694         23
      3695         10
      3696         14
      3697         20
      3698         10
      3699         19
      3700         21
      3701         16
      3702         17
      3703         13
      3704         22
      3705         14
      3706         13
      3707         14
      3708         14
      3709         19
      3710         18
      3711          7
      3712         15
      3713         12
      3714         17
      3715         11
      3716         20
      3717         16
      3718          6
      3719          9
      3720         19
      3721         13
      3722         11
      3723         20
      3724         15
      3725         17
      3726         14
      3727         13
      3728         12
      3729         18
      3730         11
      3731         10
      3732         10
      3733         17
      3734         19
      3735         14
      3736         10
      3737         17
      3738         12
      3739         14
      3740         18
      3741         11
      3742         10
      3743         12
      3744          9
      3745         15
      3746         14
      3747         15
      3748         19
      3749         16
      3750         12
      3751         14
      3752         23
      3753         16
      3754          9
      3755         16
      3756         30
      3757         12
      3758         18
      3759          7
      3760         25
      3761         21
      3762         21
      3763         13
      3764         17
      3765         17
      3766         14
      3767         13
      3768         18
      3769         16
      3770         16
      3771         10
      3772         11
      3773         24
      3774         24
      3775         12
      3776         16
      3777          9
      3778         16
      3779          9
      3780         12
      3781         14
      3782         17
      3783         19
      3784         15
      3785          9
      3786         20
      3787          9
      3788         10
      3789         15
      3790         12
      3791         16
      3792         16
      3793         13
      3794          9
      3795          9
      3796         10
      3797         12
      3798         12
      3799         16
      3800          9
      3801         16
      3802         15
      3803         22
      3804         16
      3805         15
      3806         12
      3807         20
      3808         17
      3809         12
      3810         16
      3811         15
      3812         13
      3813         11
      3814         11
      3815          9
      3816         13
      3817         22
      3818         11
      3819         14
      3820         20
      3821         12
      3822         14
      3823         10
      3824         13
      3825         16
      3826         14
      3827          9
      3828         18
      3829         12
      3830         11
      3831         10
      3832         22
      3833         14
      3834         20
      3835         18
      3836         19
      3837         17
      3838         15
      3839         11
      3840         17
      3841         14
      3842         16
      3843          9
      3844         16
      3845         15
      3846         14
      3847         15
      3848         16
      3849         10
      3850         26
      3851         16
      3852          9
      3853         23
      3854         16
      3855         21
      3856         18
      3857         18
      3858         12
      3859         14
      3860         17
      3861         17
      3862         13
      3863         14
      3864         16
      3865          9
      3866         13
      3867         15
      3868         13
      3869         11
      3870         20
      3871         15
      3872         18
      3873         19
      3874         12
      3875         13
      3876         19
      3877         12
      3878         13
      3879         16
      3880         12
      3881          9
      3882         22
      3883         15
      3884         17
      3885         10
      3886          7
      3887          9
      3888         16
      3889         18
      3890         19
      3891         12
      3892          7
      3893         10
      3894         16
      3895         13
      3896         11
      3897         12
      3898         19
      3899          9
      3900         15
      3901         16
      3902         20
      3903         13
      3904         17
      3905          9
      3906         22
      3907         13
      3908         12
      3909         10
      3910         13
      3911          4
      3912         16
      3913         12
      3914         13
      3915         13
      3916         22
      3917         12
      3918         18
      3919         21
      3920         15
      3921          9
      3922         19
      3923         19
      3924         11
      3925         16
      3926         12
      3927         17
      3928         17
      3929         10
      3930          7
      3931         16
      3932         11
      3933         15
      3934         16
      3935         13
      3936         17
      3937         11
      3938         17
      3939         10
      3940         13
      3941         19
      3942         16
      3943         13
      3944         21
      3945         25
      3946         18
      3947         16
      3948         14
      3949         11
      3950         17
      3951         13
      3952         11
      3953         17
      3954         11
      3955         10
      3956         11
      3957         12
      3958         14
      3959         13
      3960         16
      3961         13
      3962         19
      3963         23
      3964         13
      3965         28
      3966         19
      3967          8
      3968         17
      3969         11
      3970         14
      3971         17
      3972         19
      3973         18
      3974          9
      3975         13
      3976         14
      3977          8
      3978         20
      3979         15
      3980         24
      3981         14
      3982          8
      3983         11
      3984         17
      3985         16
      3986         23
      3987          9
      3988         15
      3989         13
      3990         18
      3991         19
      3992         19
      3993         17
      3994         15
      3995         11
      3996         11
      3997         20
      3998          9
      3999         16
      4000         17
      4001         16
      4002         14
      4003         20
      4004         13
      4005         13
      4006         10
